029066574
837220
651442
621332
75186021
6908710
452193846
3693397
972181
4390942
8065081
716088918
33351485
61428461
535352047
292503
56820082
15231661
598138
850737245
75825943
3186294
77213245
258481148
56189780
17118782
895832330
7165134
702055
43309274
98138309
9589092
867921348
861252
141896
081958
274520
74308050
387198945
141466681
183403683
723328682
295761
39641872
758315
2181531
5330511
18701736
94926990
301630
9914628
069707
05106876
55111282
11021682
97183838
9373166
836299
4266037
8157642
821980
70559598
649318
84083987
12241002
8836200
446593
3692433
005413
68642796
092710
700054470
01558659
315519
572200434
98939578
275439
604905330
6228508
7017096
490160990
63047776
414152261
5101080
377136
33967994
437300700
188296163
04510857
6638981
6862168
85789294
466359
039843
6430351
663073
9651535
69287012
346617569
059170
